-- run 1 events --
class          start      dur     rest
-----          -----     ----     ----
  0 (class)    10.00     1.50     0.32
  0 (class)    11.82     1.50     0.41
  0 (class)    13.73     1.50     0.33
  0 (class)    15.56     1.50     0.21
  0 (class)    17.27     1.50     0.06
  0 (class)    18.83     1.50     0.33
  0 (class)    20.66     1.50     0.02
  0 (class)    22.18     1.50     0.49
  0 (class)    24.17     1.50     0.32
  0 (class)    25.99     1.50     0.17
  0 (class)    27.66     1.50     0.33
  0 (class)    29.49     1.50     0.29
  0 (class)    31.28     1.50     0.08
  0 (class)    32.86     1.50     0.42
  0 (class)    34.78     1.50     0.41
  0 (class)    36.69     1.50     0.44
  0 (class)    38.63     1.50     0.11
  0 (class)    40.24     1.50     0.27
  0 (class)    42.01     1.50     0.38
  0 (class)    43.89     1.50     0.24
  0 (class)    45.63     1.50     0.40
  0 (class)    47.53     1.50     0.41
  0 (class)    49.44     1.50     0.37
  0 (class)    51.31     1.50     0.32
  0 (class)    53.13     1.50     0.47
  0 (class)    55.10     1.50     0.17
  0 (class)    56.77     1.50     0.11
  0 (class)    58.38     1.50     0.30
  0 (class)    60.18     1.50     0.50
  0 (class)    62.18     1.50     0.27
  0 (class)    63.95     1.50     0.09
  0 (class)    65.54     1.50     0.21
  0 (class)    67.25     1.50     0.16
  0 (class)    68.91     1.50     0.37
  0 (class)    70.78     1.50     0.17
  0 (class)    72.45     1.50     0.32
  0 (class)    74.27     1.50     0.04
  0 (class)    75.81     1.50     0.35
  0 (class)    77.66     1.50     0.14
  0 (class)    79.30     1.50     0.08
  0 (class)    80.88     1.50     0.03
  0 (class)    82.41     1.50     0.45
  0 (class)    84.36     1.50     0.05
  0 (class)    85.91     1.50     0.43
  0 (class)    87.84     1.50     0.28
  0 (class)    89.62     1.50     0.25
  0 (class)    91.37     1.50     0.22
  0 (class)    93.09     1.50     0.03
  0 (class)    94.62     1.50     0.39
  0 (class)    96.51     1.50     0.04
  0 (class)    98.05     1.50     0.45
  0 (class)   100.00     1.50     0.24
  0 (class)   101.74     1.50     0.42
  0 (class)   103.66     1.50     0.35
  0 (class)   105.51     1.50     0.12
  0 (class)   107.13     1.50     0.23
  0 (class)   108.86     1.50     0.43
  0 (class)   110.79     1.50     0.29
  0 (class)   112.58     1.50     0.38
  0 (class)   114.46     1.50     0.11
  0 (class)   116.07     1.50     0.06
  0 (class)   117.63     1.50     0.08
  0 (class)   119.21     1.50     0.07
  0 (class)   120.78     1.50     0.26
  0 (class)   122.54     1.50     0.32
  0 (class)   124.36     1.50     0.36
  0 (class)   126.22     1.50     0.37
  0 (class)   128.09     1.50     0.29
  0 (class)   129.88     1.50     0.07
  0 (class)   131.45     1.50     0.07
  0 (class)   133.02     1.50     0.12
  0 (class)   134.64     1.50     0.39
  0 (class)   136.53     1.50     0.36
  0 (class)   138.39     1.50     0.34
  0 (class)   140.23     1.50     0.21
  0 (class)   141.94     1.50     0.10
  0 (class)   143.54     1.50     0.04
  0 (class)   145.08     1.50     0.18
  0 (class)   146.76     1.50     0.34
  0 (class)   148.60     1.50     0.45
  0 (class)   150.55     1.50     0.50
  0 (class)   152.55     1.50     0.32
  0 (class)   154.37     1.50     0.49
  0 (class)   156.36     1.50     0.28
  0 (class)   158.14     1.50     0.45
  0 (class)   160.09     1.50     0.36
  0 (class)   161.95     1.50     0.23
  0 (class)   163.68     1.50     0.30
  0 (class)   165.48     1.50     0.43
  0 (class)   167.41     1.50     0.50
  0 (class)   169.41     1.50     0.43
  0 (class)   171.34     1.50     0.36
  0 (class)   173.20     1.50     0.19
  0 (class)   174.89     1.50     0.30
  0 (class)   176.69     1.50     0.44
  0 (class)   178.63     1.50     0.15
  0 (class)   180.28     1.50     0.39
  0 (class)   182.17     1.50     0.50
  0 (class)   184.17     1.50     0.37
  0 (class)   186.04     1.50     0.36
  0 (class)   187.90     1.50     0.01
  0 (class)   189.41     1.50     0.35
  0 (class)   191.26     1.50     0.07
  0 (class)   192.83     1.50     0.47
  0 (class)   194.80     1.50     0.19
  0 (class)   196.49     1.50     0.24
  0 (class)   198.23     1.50     0.36
  0 (class)   200.09     1.50     0.14
  0 (class)   201.73     1.50     0.39
  0 (class)   203.62     1.50     0.41
  0 (class)   205.53     1.50     0.35
  0 (class)   207.38     1.50     0.25
  0 (class)   209.13     1.50     0.34
  0 (class)   210.97     1.50     0.39
  0 (class)   212.86     1.50     0.50
  0 (class)   214.86     1.50     0.37
  0 (class)   216.73     1.50     0.35
  0 (class)   218.58     1.50     0.50
  0 (class)   220.58     1.50     0.15
  0 (class)   222.23     1.50     0.19
  0 (class)   223.92     1.50     0.14
  0 (class)   225.56     1.50     0.20
  0 (class)   227.26     1.50     0.15
  0 (class)   228.91     1.50     0.50
  0 (class)   230.91     1.50     0.45
  0 (class)   232.86     1.50     0.47
  0 (class)   234.83     1.50     0.33
  0 (class)   236.66     1.50     0.50
  0 (class)   238.66     1.50     0.06
  0 (class)   240.22     1.50     0.04
  0 (class)   241.76     1.50     0.27
  0 (class)   243.53     1.50     0.39
  0 (class)   245.42     1.50     0.48
  0 (class)   247.40     1.50     0.10
  0 (class)   249.00     1.50     0.10
  0 (class)   250.60     1.50     0.22
  0 (class)   252.32     1.50     0.02
  0 (class)   253.84     1.50     0.46
  0 (class)   255.80     1.50     0.26
  0 (class)   257.56     1.50     0.18
  0 (class)   259.24     1.50     0.39
  0 (class)   261.13     1.50     0.32
  0 (class)   262.95     1.50     0.05
  0 (class)   264.50     1.50     0.00

-- run 2 events --
class          start      dur     rest
-----          -----     ----     ----
  0 (class)    10.00     1.50     0.03
  0 (class)    11.53     1.50     0.32
  0 (class)    13.35     1.50     0.33
  0 (class)    15.18     1.50     0.14
  0 (class)    16.82     1.50     0.24
  0 (class)    18.56     1.50     0.28
  0 (class)    20.34     1.50     0.21
  0 (class)    22.05     1.50     0.36
  0 (class)    23.91     1.50     0.26
  0 (class)    25.67     1.50     0.50
  0 (class)    27.67     1.50     0.25
  0 (class)    29.42     1.50     0.44
  0 (class)    31.36     1.50     0.23
  0 (class)    33.09     1.50     0.45
  0 (class)    35.04     1.50     0.34
  0 (class)    36.88     1.50     0.15
  0 (class)    38.53     1.50     0.21
  0 (class)    40.24     1.50     0.12
  0 (class)    41.86     1.50     0.04
  0 (class)    43.40     1.50     0.05
  0 (class)    44.95     1.50     0.30
  0 (class)    46.75     1.50     0.03
  0 (class)    48.28     1.50     0.43
  0 (class)    50.21     1.50     0.44
  0 (class)    52.15     1.50     0.45
  0 (class)    54.10     1.50     0.19
  0 (class)    55.79     1.50     0.38
  0 (class)    57.67     1.50     0.44
  0 (class)    59.61     1.50     0.12
  0 (class)    61.23     1.50     0.40
  0 (class)    63.13     1.50     0.33
  0 (class)    64.96     1.50     0.41
  0 (class)    66.87     1.50     0.24
  0 (class)    68.61     1.50     0.11
  0 (class)    70.22     1.50     0.17
  0 (class)    71.89     1.50     0.20
  0 (class)    73.59     1.50     0.30
  0 (class)    75.39     1.50     0.46
  0 (class)    77.35     1.50     0.23
  0 (class)    79.08     1.50     0.09
  0 (class)    80.67     1.50     0.42
  0 (class)    82.59     1.50     0.38
  0 (class)    84.47     1.50     0.29
  0 (class)    86.26     1.50     0.29
  0 (class)    88.05     1.50     0.35
  0 (class)    89.90     1.50     0.18
  0 (class)    91.58     1.50     0.10
  0 (class)    93.18     1.50     0.30
  0 (class)    94.98     1.50     0.27
  0 (class)    96.75     1.50     0.44
  0 (class)    98.69     1.50     0.09
  0 (class)   100.28     1.50     0.32
  0 (class)   102.10     1.50     0.21
  0 (class)   103.81     1.50     0.36
  0 (class)   105.67     1.50     0.50
  0 (class)   107.67     1.50     0.00
  0 (class)   109.17     1.50     0.17
  0 (class)   110.84     1.50     0.48
  0 (class)   112.82     1.50     0.17
  0 (class)   114.49     1.50     0.50
  0 (class)   116.49     1.50     0.13
  0 (class)   118.12     1.50     0.25
  0 (class)   119.87     1.50     0.11
  0 (class)   121.48     1.50     0.31
  0 (class)   123.29     1.50     0.30
  0 (class)   125.09     1.50     0.33
  0 (class)   126.92     1.50     0.37
  0 (class)   128.79     1.50     0.44
  0 (class)   130.73     1.50     0.32
  0 (class)   132.55     1.50     0.39
  0 (class)   134.44     1.50     0.20
  0 (class)   136.14     1.50     0.38
  0 (class)   138.02     1.50     0.05
  0 (class)   139.57     1.50     0.47
  0 (class)   141.54     1.50     0.40
  0 (class)   143.44     1.50     0.45
  0 (class)   145.39     1.50     0.21
  0 (class)   147.10     1.50     0.38
  0 (class)   148.98     1.50     0.46
  0 (class)   150.94     1.50     0.33
  0 (class)   152.77     1.50     0.06
  0 (class)   154.33     1.50     0.43
  0 (class)   156.26     1.50     0.32
  0 (class)   158.08     1.50     0.00
  0 (class)   159.58     1.50     0.40
  0 (class)   161.48     1.50     0.27
  0 (class)   163.25     1.50     0.04
  0 (class)   164.79     1.50     0.30
  0 (class)   166.59     1.50     0.26
  0 (class)   168.35     1.50     0.46
  0 (class)   170.31     1.50     0.34
  0 (class)   172.15     1.50     0.16
  0 (class)   173.81     1.50     0.08
  0 (class)   175.39     1.50     0.37
  0 (class)   177.26     1.50     0.34
  0 (class)   179.10     1.50     0.47
  0 (class)   181.07     1.50     0.46
  0 (class)   183.03     1.50     0.39
  0 (class)   184.92     1.50     0.44
  0 (class)   186.86     1.50     0.12
  0 (class)   188.48     1.50     0.36
  0 (class)   190.34     1.50     0.24
  0 (class)   192.08     1.50     0.45
  0 (class)   194.03     1.50     0.13
  0 (class)   195.66     1.50     0.45
  0 (class)   197.61     1.50     0.25
  0 (class)   199.36     1.50     0.40
  0 (class)   201.26     1.50     0.47
  0 (class)   203.23     1.50     0.08
  0 (class)   204.81     1.50     0.36
  0 (class)   206.67     1.50     0.45
  0 (class)   208.62     1.50     0.14
  0 (class)   210.26     1.50     0.28
  0 (class)   212.04     1.50     0.05
  0 (class)   213.59     1.50     0.36
  0 (class)   215.45     1.50     0.26
  0 (class)   217.21     1.50     0.30
  0 (class)   219.01     1.50     0.13
  0 (class)   220.64     1.50     0.16
  0 (class)   222.30     1.50     0.22
  0 (class)   224.02     1.50     0.50
  0 (class)   226.02     1.50     0.50
  0 (class)   228.02     1.50     0.44
  0 (class)   229.96     1.50     0.46
  0 (class)   231.92     1.50     0.29
  0 (class)   233.71     1.50     0.03
  0 (class)   235.24     1.50     0.02
  0 (class)   236.76     1.50     0.22
  0 (class)   238.48     1.50     0.18
  0 (class)   240.16     1.50     0.25
  0 (class)   241.91     1.50     0.23
  0 (class)   243.64     1.50     0.36
  0 (class)   245.50     1.50     0.16
  0 (class)   247.16     1.50     0.17
  0 (class)   248.83     1.50     0.45
  0 (class)   250.78     1.50     0.36
  0 (class)   252.64     1.50     0.37
  0 (class)   254.51     1.50     0.19
  0 (class)   256.20     1.50     0.13
  0 (class)   257.83     1.50     0.27
  0 (class)   259.60     1.50     0.08
  0 (class)   261.18     1.50     0.18
  0 (class)   262.86     1.50     0.14
  0 (class)   264.50     1.50     0.00

-- run 3 events --
class          start      dur     rest
-----          -----     ----     ----
  0 (class)    10.00     1.50     0.50
  0 (class)    12.00     1.50     0.23
  0 (class)    13.73     1.50     0.48
  0 (class)    15.71     1.50     0.34
  0 (class)    17.55     1.50     0.15
  0 (class)    19.20     1.50     0.38
  0 (class)    21.08     1.50     0.08
  0 (class)    22.66     1.50     0.46
  0 (class)    24.62     1.50     0.37
  0 (class)    26.49     1.50     0.11
  0 (class)    28.10     1.50     0.46
  0 (class)    30.06     1.50     0.10
  0 (class)    31.66     1.50     0.43
  0 (class)    33.59     1.50     0.21
  0 (class)    35.30     1.50     0.38
  0 (class)    37.18     1.50     0.47
  0 (class)    39.15     1.50     0.04
  0 (class)    40.69     1.50     0.07
  0 (class)    42.26     1.50     0.44
  0 (class)    44.20     1.50     0.37
  0 (class)    46.07     1.50     0.29
  0 (class)    47.86     1.50     0.48
  0 (class)    49.84     1.50     0.50
  0 (class)    51.84     1.50     0.36
  0 (class)    53.70     1.50     0.03
  0 (class)    55.23     1.50     0.24
  0 (class)    56.97     1.50     0.12
  0 (class)    58.59     1.50     0.25
  0 (class)    60.34     1.50     0.45
  0 (class)    62.29     1.50     0.15
  0 (class)    63.94     1.50     0.06
  0 (class)    65.50     1.50     0.46
  0 (class)    67.46     1.50     0.28
  0 (class)    69.24     1.50     0.48
  0 (class)    71.22     1.50     0.03
  0 (class)    72.75     1.50     0.18
  0 (class)    74.43     1.50     0.38
  0 (class)    76.31     1.50     0.49
  0 (class)    78.30     1.50     0.50
  0 (class)    80.30     1.50     0.41
  0 (class)    82.21     1.50     0.39
  0 (class)    84.10     1.50     0.28
  0 (class)    85.88     1.50     0.34
  0 (class)    87.72     1.50     0.06
  0 (class)    89.28     1.50     0.17
  0 (class)    90.95     1.50     0.48
  0 (class)    92.93     1.50     0.15
  0 (class)    94.58     1.50     0.03
  0 (class)    96.11     1.50     0.20
  0 (class)    97.81     1.50     0.40
  0 (class)    99.71     1.50     0.27
  0 (class)   101.48     1.50     0.42
  0 (class)   103.40     1.50     0.47
  0 (class)   105.37     1.50     0.13
  0 (class)   107.00     1.50     0.07
  0 (class)   108.57     1.50     0.19
  0 (class)   110.26     1.50     0.38
  0 (class)   112.14     1.50     0.34
  0 (class)   113.98     1.50     0.43
  0 (class)   115.91     1.50     0.47
  0 (class)   117.88     1.50     0.31
  0 (class)   119.69     1.50     0.19
  0 (class)   121.38     1.50     0.21
  0 (class)   123.09     1.50     0.13
  0 (class)   124.72     1.50     0.49
  0 (class)   126.71     1.50     0.24
  0 (class)   128.45     1.50     0.48
  0 (class)   130.43     1.50     0.06
  0 (class)   131.99     1.50     0.38
  0 (class)   133.87     1.50     0.29
  0 (class)   135.66     1.50     0.16
  0 (class)   137.32     1.50     0.28
  0 (class)   139.10     1.50     0.22
  0 (class)   140.82     1.50     0.38
  0 (class)   142.70     1.50     0.47
  0 (class)   144.67     1.50     0.09
  0 (class)   146.26     1.50     0.30
  0 (class)   148.06     1.50     0.21
  0 (class)   149.77     1.50     0.09
  0 (class)   151.36     1.50     0.27
  0 (class)   153.13     1.50     0.27
  0 (class)   154.90     1.50     0.48
  0 (class)   156.88     1.50     0.38
  0 (class)   158.76     1.50     0.49
  0 (class)   160.75     1.50     0.38
  0 (class)   162.63     1.50     0.11
  0 (class)   164.24     1.50     0.20
  0 (class)   165.94     1.50     0.26
  0 (class)   167.70     1.50     0.15
  0 (class)   169.35     1.50     0.33
  0 (class)   171.18     1.50     0.24
  0 (class)   172.92     1.50     0.36
  0 (class)   174.78     1.50     0.07
  0 (class)   176.35     1.50     0.03
  0 (class)   177.88     1.50     0.41
  0 (class)   179.79     1.50     0.31
  0 (class)   181.60     1.50     0.15
  0 (class)   183.25     1.50     0.50
  0 (class)   185.25     1.50     0.50
  0 (class)   187.25     1.50     0.19
  0 (class)   188.94     1.50     0.27
  0 (class)   190.71     1.50     0.14
  0 (class)   192.35     1.50     0.06
  0 (class)   193.91     1.50     0.03
  0 (class)   195.44     1.50     0.14
  0 (class)   197.08     1.50     0.31
  0 (class)   198.89     1.50     0.24
  0 (class)   200.63     1.50     0.09
  0 (class)   202.22     1.50     0.41
  0 (class)   204.13     1.50     0.20
  0 (class)   205.83     1.50     0.02
  0 (class)   207.35     1.50     0.16
  0 (class)   209.01     1.50     0.01
  0 (class)   210.52     1.50     0.45
  0 (class)   212.47     1.50     0.45
  0 (class)   214.42     1.50     0.39
  0 (class)   216.31     1.50     0.41
  0 (class)   218.22     1.50     0.47
  0 (class)   220.19     1.50     0.50
  0 (class)   222.19     1.50     0.37
  0 (class)   224.06     1.50     0.11
  0 (class)   225.67     1.50     0.43
  0 (class)   227.60     1.50     0.14
  0 (class)   229.24     1.50     0.17
  0 (class)   230.91     1.50     0.16
  0 (class)   232.57     1.50     0.46
  0 (class)   234.53     1.50     0.14
  0 (class)   236.17     1.50     0.31
  0 (class)   237.98     1.50     0.38
  0 (class)   239.86     1.50     0.19
  0 (class)   241.55     1.50     0.13
  0 (class)   243.18     1.50     0.37
  0 (class)   245.05     1.50     0.32
  0 (class)   246.87     1.50     0.15
  0 (class)   248.52     1.50     0.16
  0 (class)   250.18     1.50     0.40
  0 (class)   252.08     1.50     0.46
  0 (class)   254.04     1.50     0.34
  0 (class)   255.88     1.50     0.43
  0 (class)   257.81     1.50     0.15
  0 (class)   259.46     1.50     0.21
  0 (class)   261.17     1.50     0.26
  0 (class)   262.93     1.50     0.07
  0 (class)   264.50     1.50     0.00

-- run 4 events --
class          start      dur     rest
-----          -----     ----     ----
  0 (class)    10.00     1.50     0.32
  0 (class)    11.82     1.50     0.44
  0 (class)    13.76     1.50     0.14
  0 (class)    15.40     1.50     0.47
  0 (class)    17.37     1.50     0.08
  0 (class)    18.95     1.50     0.13
  0 (class)    20.58     1.50     0.03
  0 (class)    22.11     1.50     0.21
  0 (class)    23.82     1.50     0.33
  0 (class)    25.65     1.50     0.44
  0 (class)    27.59     1.50     0.08
  0 (class)    29.17     1.50     0.08
  0 (class)    30.75     1.50     0.44
  0 (class)    32.69     1.50     0.50
  0 (class)    34.69     1.50     0.22
  0 (class)    36.41     1.50     0.04
  0 (class)    37.95     1.50     0.05
  0 (class)    39.50     1.50     0.26
  0 (class)    41.26     1.50     0.14
  0 (class)    42.90     1.50     0.47
  0 (class)    44.87     1.50     0.49
  0 (class)    46.86     1.50     0.11
  0 (class)    48.47     1.50     0.31
  0 (class)    50.28     1.50     0.04
  0 (class)    51.82     1.50     0.06
  0 (class)    53.38     1.50     0.41
  0 (class)    55.29     1.50     0.06
  0 (class)    56.85     1.50     0.05
  0 (class)    58.40     1.50     0.31
  0 (class)    60.21     1.50     0.17
  0 (class)    61.88     1.50     0.42
  0 (class)    63.80     1.50     0.02
  0 (class)    65.32     1.50     0.45
  0 (class)    67.27     1.50     0.07
  0 (class)    68.84     1.50     0.47
  0 (class)    70.81     1.50     0.36
  0 (class)    72.67     1.50     0.02
  0 (class)    74.19     1.50     0.40
  0 (class)    76.09     1.50     0.25
  0 (class)    77.84     1.50     0.16
  0 (class)    79.50     1.50     0.50
  0 (class)    81.50     1.50     0.42
  0 (class)    83.42     1.50     0.11
  0 (class)    85.03     1.50     0.39
  0 (class)    86.92     1.50     0.18
  0 (class)    88.60     1.50     0.47
  0 (class)    90.57     1.50     0.07
  0 (class)    92.14     1.50     0.34
  0 (class)    93.98     1.50     0.49
  0 (class)    95.97     1.50     0.23
  0 (class)    97.70     1.50     0.19
  0 (class)    99.39     1.50     0.37
  0 (class)   101.26     1.50     0.28
  0 (class)   103.04     1.50     0.00
  0 (class)   104.54     1.50     0.50
  0 (class)   106.54     1.50     0.42
  0 (class)   108.46     1.50     0.01
  0 (class)   109.97     1.50     0.47
  0 (class)   111.94     1.50     0.18
  0 (class)   113.62     1.50     0.41
  0 (class)   115.53     1.50     0.49
  0 (class)   117.52     1.50     0.09
  0 (class)   119.11     1.50     0.14
  0 (class)   120.75     1.50     0.35
  0 (class)   122.60     1.50     0.28
  0 (class)   124.38     1.50     0.38
  0 (class)   126.26     1.50     0.36
  0 (class)   128.12     1.50     0.05
  0 (class)   129.67     1.50     0.45
  0 (class)   131.62     1.50     0.14
  0 (class)   133.26     1.50     0.46
  0 (class)   135.22     1.50     0.13
  0 (class)   136.85     1.50     0.50
  0 (class)   138.85     1.50     0.01
  0 (class)   140.36     1.50     0.28
  0 (class)   142.14     1.50     0.17
  0 (class)   143.81     1.50     0.39
  0 (class)   145.70     1.50     0.46
  0 (class)   147.66     1.50     0.32
  0 (class)   149.48     1.50     0.21
  0 (class)   151.19     1.50     0.43
  0 (class)   153.12     1.50     0.42
  0 (class)   155.04     1.50     0.38
  0 (class)   156.92     1.50     0.35
  0 (class)   158.77     1.50     0.50
  0 (class)   160.77     1.50     0.00
  0 (class)   162.27     1.50     0.28
  0 (class)   164.05     1.50     0.11
  0 (class)   165.66     1.50     0.33
  0 (class)   167.49     1.50     0.45
  0 (class)   169.44     1.50     0.49
  0 (class)   171.43     1.50     0.26
  0 (class)   173.19     1.50     0.12
  0 (class)   174.81     1.50     0.23
  0 (class)   176.54     1.50     0.50
  0 (class)   178.54     1.50     0.37
  0 (class)   180.41     1.50     0.06
  0 (class)   181.97     1.50     0.45
  0 (class)   183.92     1.50     0.47
  0 (class)   185.89     1.50     0.46
  0 (class)   187.85     1.50     0.48
  0 (class)   189.83     1.50     0.34
  0 (class)   191.67     1.50     0.21
  0 (class)   193.38     1.50     0.15
  0 (class)   195.03     1.50     0.38
  0 (class)   196.91     1.50     0.40
  0 (class)   198.81     1.50     0.29
  0 (class)   200.60     1.50     0.09
  0 (class)   202.19     1.50     0.31
  0 (class)   204.00     1.50     0.08
  0 (class)   205.58     1.50     0.43
  0 (class)   207.51     1.50     0.40
  0 (class)   209.41     1.50     0.27
  0 (class)   211.18     1.50     0.40
  0 (class)   213.08     1.50     0.27
  0 (class)   214.85     1.50     0.36
  0 (class)   216.71     1.50     0.29
  0 (class)   218.50     1.50     0.00
  0 (class)   220.00     1.50     0.25
  0 (class)   221.75     1.50     0.04
  0 (class)   223.29     1.50     0.19
  0 (class)   224.98     1.50     0.48
  0 (class)   226.96     1.50     0.16
  0 (class)   228.62     1.50     0.32
  0 (class)   230.44     1.50     0.12
  0 (class)   232.06     1.50     0.43
  0 (class)   233.99     1.50     0.20
  0 (class)   235.69     1.50     0.16
  0 (class)   237.35     1.50     0.40
  0 (class)   239.25     1.50     0.36
  0 (class)   241.11     1.50     0.46
  0 (class)   243.07     1.50     0.41
  0 (class)   244.98     1.50     0.34
  0 (class)   246.82     1.50     0.39
  0 (class)   248.71     1.50     0.49
  0 (class)   250.70     1.50     0.34
  0 (class)   252.54     1.50     0.22
  0 (class)   254.26     1.50     0.08
  0 (class)   255.84     1.50     0.05
  0 (class)   257.39     1.50     0.18
  0 (class)   259.07     1.50     0.18
  0 (class)   260.75     1.50     0.34
  0 (class)   262.59     1.50     0.41
  0 (class)   264.50     1.50     0.00

